12.062
9.0031
10.645
10.145
11.274
9.402
4.3116
14.506
11.037
16.935
6.9349
14.847
7.7183
6.7067
11.168
10.169
9.1462
8.1905
12.818
13.59
5.4233
10.03
11.338
24.594
21.783
13.657
24.339
23.616
20.016
12.348
21.872
23.253
18.124
20.427
18.065
17.387
16.1
18.841
19.785
18.78
18.605
17.111
18.875
25.175
20.904
20.763
17.268
16.194
26.298
14.956
22.362
17.255
17.577
22.258
19.767
15.598
17.31
12.319
17.182
23.069
17.247
19.542
24.054
15.237
16.252
17.112
12.474
23.207
18.409
27.273
26.075
15.686
24.814
22.765
28.161
28.606
27.012
25.926
16.928
20.825
15.91
23.142
24.865
19.907
23.884
24.062
27.846
19.694
17.549
20.745
22.322
21.686
20.612
18.738
20.913
24.685
24.032
20.245
24.398
17.601
19.41
21.891
21.598
29.772
29.986
28.45
23.247
25.448
23.246
23.899
25.042
24.116
12.919
16.08
17.672
20.773
14.392
21.242
19.868
27.07
22.715
21.3
17.808
25.278
20.336
30.303
27.969
27.371
23.223
26.57
23.373
24.108
19.317
22.631
19.276
28.287
26.756
29.518
26.946
29.691
25.721
25.356
25.966
24.869
26.19
24.026
23.883
28.733
25.34
23.854
13.97
11.864
15.954
17.612
14.01
13.156
16.63
27.944
27.021
22.791
21.651
21.689
15.787
13.947
17.705
21.498
15.976
18.769
20.806
22.932
21.475
21.214
20.66
27.3
26.244
26.267
20.899
20.787
21.881
20.882
22.453
20.342
27.676
25.923
21.151
19.083
10.203
15.522
11.918
7.7766
22.579
26.004
26.37
25.512
27.159
24.404
24.56
26.081
25.99
25.576
12.062
9.0031
10.645
10.145
11.274
9.402
4.3116
14.506
11.037
16.935
6.9349
14.847
7.7183
6.7067
11.168
10.169
9.1462
8.1905
12.818
13.59
5.4233
10.03
11.338
24.594
21.783
13.657
24.339
23.616
20.016
12.348
21.872
23.253
18.124
20.427
18.065
17.387
16.1
18.841
19.785
18.78
18.605
17.111
18.875
25.175
20.904
20.763
17.268
16.194
26.298
14.956
22.362
17.255
17.577
22.258
19.767
15.598
17.31
12.319
17.182
23.069
17.247
19.542
24.054
15.237
16.252
17.112
12.474
23.207
18.409
27.273
26.075
15.686
24.814
22.765
28.161
28.606
27.012
25.926
16.928
20.825
15.91
23.142
24.865
19.907
23.884
24.062
27.846
19.694
17.549
20.745
22.322
21.686
20.612
18.738
20.913
24.685
24.032
20.245
24.398
17.601
19.41
21.891
21.598
29.772
29.986
28.45
23.247
25.448
23.246
23.899
25.042
24.116
12.919
16.08
17.672
20.773
14.392
21.242
19.868
27.07
22.715
21.3
17.808
25.278
20.336
30.303
27.969
27.371
23.223
26.57
23.373
24.108
19.317
22.631
19.276
28.287
26.756
29.518
26.946
29.691
25.721
25.356
25.966
24.869
26.19
24.026
23.883
28.733
25.34
23.854
13.97
11.864
15.954
17.612
14.01
13.156
16.63
27.944
27.021
22.791
21.651
21.689
15.787
13.947
17.705
21.498
15.976
18.769
20.806
22.932
21.475
21.214
20.66
27.3
26.244
26.267
20.899
20.787
21.881
20.882
22.453
20.342
27.676
25.923
21.151
19.083
10.203
15.522
11.918
7.7766
22.579
26.004
26.37
25.512
27.159
24.404
24.56
26.081
25.99
25.576
