-3.867838
-4.300706
-3.904310
-3.892400
0.119520
-3.788871
-2.654507
-4.128949
-2.286862
-3.734432
-4.404950
-4.248913
-3.881285
-4.436673
-4.319816
-3.378863
-3.799137
-3.907564
-4.010349
-3.853402
-4.440895
-4.293078
-4.465819
-4.426683
-5.093197
-4.589667
-5.353755
-5.368226
-5.374814
-4.905629
-5.262320
-4.531988
-5.330329
-5.248042
-5.295988
-4.916107
-5.063946
-5.169960
-5.221658
-4.465642
-4.888141
-4.934890
-5.260648
-3.413176
-3.409632
-4.063964
-4.289258
-4.476243
-3.259747
-3.878503
-4.353965
-3.981236
-5.014103
-4.218660
-4.637052
-4.927118
-4.834956
-4.227382
-4.885787
-1.109050
-2.385147
-0.080548
-3.552657
-1.875196
-1.633192
-2.588790
-4.105880
-1.588573
-1.673984
-3.441547
-0.853890
-4.250142
-3.011618
-4.995259
-1.817572
-4.992707
-4.941724
-4.735664
-1.881100
-3.635246
-4.324748
-1.283411
-0.086554
-3.521722
-2.463696
-3.227638
1.062701
-1.239497
-2.433381
-3.050462
-1.376659
-2.816419
-3.351119
-1.180848
-3.055971
-2.348078
-2.874540
-3.522962
-1.640002
-2.592382
2.982317
-0.135477
2.322690
1.665102
1.283317
-0.979621
2.523747
-1.140144
4.759052
3.345658
5.214021
4.933701
6.178013
1.927444
1.670336
1.238971
2.890333
1.373109
3.325019
-0.880814
-0.541886
3.674082
1.692798
4.938847
1.294023
0.096317
-0.680517
2.685524
0.523420
-1.425153
3.389233
3.571213
0.200446
5.391713
5.366019
6.116530
5.190631
4.324104
5.878107
5.956775
5.785851
4.028401
4.916156
1.723274
-0.432307
2.463295
2.487293
1.486410
6.573170
6.254239
5.452974
6.462946
5.333528
5.960232
6.151178
6.280196
4.690376
3.466534
5.818298
4.056472
6.064912
5.101122
5.736287
3.942488
5.909422
1.600618
5.659162
6.210475
6.599540
5.145105
6.198776
3.230733
5.384931
6.095750
6.358126
6.489358
5.633911
6.616892
6.200135
2.939009
6.680753
5.452938
5.295303
4.426288
5.788598
4.318525
4.621385
2.291377
-0.342418
3.976493
3.298498
4.103884
1.468558
0.495142
-0.489539
-1.228644
-0.772981
2.559397
0.938203
-0.414647
-3.666380
-4.070068
-4.322666
-3.258175
-3.728663
0.297077
-3.155833
-3.040075
-1.223774
-4.072404
-4.357133
-4.371143
-3.858455
-1.258126
-4.385599
-4.430987
-3.568840
-3.988079
-3.977638
-4.230876
-4.440298
-4.485644
-4.473726
-5.183986
-5.280606
-4.603699
-5.347713
-5.116760
-5.359132
-5.338784
-5.319274
-5.039159
-5.276176
-5.228973
-5.095658
-5.220058
-5.036942
-4.821807
-5.103491
-4.042074
-5.217293
-5.246609
-5.186238
-3.097217
-3.523897
-3.975531
-4.593120
-4.403273
-3.578647
-4.473578
-4.344707
-4.391989
-3.835652
-5.026545
-4.600367
-4.569345
-4.801374
-4.553444
-2.186191
-1.341399
-3.219321
-3.888248
-0.063666
-2.949883
-4.179269
-0.226749
-3.964474
-1.353839
-2.407628
-3.249248
-4.225117
-2.610154
0.202247
-4.409728
-3.356220
-1.336322
-4.133341
-5.057277
-2.582081
-4.151419
-4.667750
-2.950387
-2.508538
-3.713674
-3.280171
-3.409956
-2.120932
-2.234724
-1.932835
-1.539262
-3.010905
-3.609901
-3.041342
-3.010622
-0.576680
-3.608136
-3.949443
-1.573832
-0.288224
-3.595677
-4.607187
-2.989363
-0.615993
-0.116194
0.483437
2.041885
3.412082
0.145250
2.385014
-0.548463
2.136980
-1.314672
3.166386
1.501569
6.063133
3.384529
4.810243
6.135703
0.214349
3.452164
5.366069
0.284752
3.033799
0.779369
4.430978
0.790230
3.754665
-0.384306
1.086513
2.569048
0.940415
3.837366
-1.556985
3.749840
0.499409
5.358063
5.157753
3.522277
5.503009
2.903453
4.432720
3.184844
6.141784
2.992257
4.778630
4.596756
3.929269
5.408834
4.932964
4.398752
1.931003
0.339652
4.986231
1.821133
1.802080
2.508163
1.240410
6.536172
5.677939
6.083921
4.141846
5.860471
5.867701
5.755459
5.437464
3.240042
6.233952
5.462172
6.215903
3.332910
5.814345
6.330356
0.007988
5.793274
6.218438
5.702415
6.293948
6.388848
6.168449
6.636134
4.799770
5.637026
4.841215
3.386706
1.915105
1.179625
-0.673488
2.957829
3.599189
0.501963
2.215999
2.774374
1.731099
-2.347785
1.331618
1.658209
-1.569621
-2.707529
0.397612
-1.344366
